KIC			Dnu			nu_max			Dpi1		dnurot,core			sigma			number of components
			(muHz)			(muHz)			(s)		 (nHz)				 (nHz)

001027337		6.99			74.15			71.70		140.0				4.28				3
001430118		13.37			159.51			83.10		270.0				2.95				2
001430985		10.52			122.00			75.30		0.0				6.62				1
001433803		12.22			150.38			80.00		370.0				5.46				2
001569842		11.85			134.72			80.80		365.0				3.76				3
001719422		11.33			136.43			77.15		265.0				4.11				2
001723752		15.04			196.84			83.80		610.0				1.12				3
001723843		9.46			110.99			72.80		480.0				0.81				2
001726291		12.92			150.10			82.50		550.0				6.09				3
001865102		7.97			82.28			73.80		110.0				4.93				3
001870196		14.95			190.89			85.00		365.0				1.09				3
001996078		7.80			82.92			71.00		300.0				0.94				2
001996415		10.83			125.84			79.00		0.0				1.15				1
002011891		9.79			113.29			76.80		0.0				9.95				1
002018537		13.89			182.17			80.90		0.0				10.20				1
002018585		8.42			86.86			74.60		230.0				7.87				2
002020383		9.47			106.33			76.00		0.0				4.45				1
002141255		12.40			147.91			81.05		530.0				1.12				2
002141436		10.08			111.54			77.70		340.0				3.12				2
002157650		11.39			139.01			77.20		0.0				4.60				1
002160910		10.44			117.92			77.00		475.0				4.65				2
002161409		8.62			98.74			72.30		320.0				8.48				3
002161831		12.46			145.67			81.02		330.0				9.19				2
002285827		13.28			167.99			82.20		385.0				3.20				3
002303101		13.79			171.07			84.20		0.0				3.35				1
002305992		8.95			100.65			74.50		0.0				8.95				1
002422558		9.36			110.58			74.30		395.0				0.57				2
002436457		9.64			103.44			76.00		180.0				7.10				3
002437325		8.54			93.64			75.00		0.0				5.80				1
002442483		9.30			99.61			76.40		310.0				3.26				2
002447476		7.91			89.46			70.90		0.0				5.18				1
002449558		7.62			90.75			74.50		0.0				7.56				1
002557392		15.76			206.06			87.70		0.0				8.89				1
002568912		11.39			129.34			80.50		90.0				7.34				3
002570244		9.28			105.70			76.50		0.0				3.21				1
002578581		15.99			207.61			86.30		330.0				3.82				2
002579661		11.21			138.70			76.30		295.0				4.20				2
002583386		6.40			72.48			88.50		300.0				8.59				2
002584478		13.96			180.33			81.40		230.0				3.33				2
002692629		16.27			208.37			87.80		225.0				8.87				3
002696732		8.38			90.85			72.60		190.0				2.90				3
002696739		15.19			193.01			85.58		0.0				7.37				1
002715975		9.37			103.15			75.90		425.0				7.37				2
002719701		11.98			141.78			81.10		360.0				7.55				3
002833772		9.13			100.52			73.70		390.0				5.78				2
002835067		7.65			81.88			71.10		165.0				7.22				3
002835657		7.86			85.97			69.90		0.0				9.22				1
002853354		10.35			125.35			76.30		410.0				2.54				3
002970784		11.76			136.09			79.80		560.0				4.82				2
002971432		13.77			182.47			83.50		0.0				5.20				1
002972545		10.78			134.23			80.30		0.0				10.30				1
002972876		7.82			97.18			90.50		380.0				8.89				3
002974827		12.68			147.42			82.50		450.0				5.80				3
002988295		16.84			211.37			88.50		0.0				3.11				1
002998532		9.36			105.02			74.80		290.0				4.82				2
003096636		12.78			153.34			81.80		0.0				10.05				1
003097819		12.70			161.08			81.40		250.0				5.22				3
003098179		11.99			137.84			80.80		330.0				4.80				3
003100164		8.61			90.98			74.10		140.0				6.37				2
003109742		9.16			101.27			71.82		0.0				9.30				1
003111456		15.52			199.73			87.00		0.0				6.20				1
003111831		10.41			123.17			78.60		0.0				10.73				1
003113648		8.11			86.97			72.40		115.0				5.46				3
003115292		12.35			150.62			80.40		320.0				6.76				2
003119555		7.70			84.02			70.40		0.0				5.92				1
003123653		9.16			97.30			74.70		305.0				1.45				2
003129312		12.69			150.18			82.60		300.0				4.49				2
003216334		9.93			117.88			75.40		0.0				6.85				1
003218312		7.47			78.39			70.60		280.0				5.31				2
003221086		7.90			84.02			72.80		0.0				6.28				1
003222834		13.96			170.12			84.50		410.0				2.11				3
003247146		6.70			65.36			68.80		0.0				8.70				1
003337536		10.21			111.06			77.70		0.0				3.24				1
003343630		8.00			87.58			73.10		0.0				2.80				1
003346725		11.44			136.46			78.70		415.0				7.48				2
003347431		6.92			68.71			71.40		0.0				10.72				1
003426673		13.56			176.36			83.10		190.0				6.17				2
003427908		11.58			136.95			79.20		230.0				6.02				2
003428577		12.04			137.30			80.45		285.0				4.34				2
003430007		10.30			115.71			77.80		0.0				7.22				1
003430674		11.30			131.17			80.20		540.0				6.04				2
003432802		11.58			143.65			77.80		260.0				11.64				2
003439353		7.63			84.37			69.20		370.0				5.38				3
003441207		14.27			182.68			83.40		270.0				4.30				2
003448427		9.80			109.29			76.50		370.0				5.49				2
003525569		12.90			153.32			82.20		325.0				11.23				2
003526061		10.74			128.74			77.10		375.0				3.95				3
003530333		11.08			134.18			77.10		0.0				12.02				1
003531436		13.69			176.58			79.60		170.0				4.35				2
003531478		17.35			232.26			87.20		295.0				0.46				3
003532085		9.53			104.72			76.80		405.0				4.65				3
003539429		9.92			113.35			77.60		420.0				5.26				2
003546046		14.02			178.92			82.60		365.0				3.07				3
003547041		9.04			103.50			74.60		0.0				9.47				1
003547236		11.49			136.84			79.20		300.0				5.77				3
003628943		10.11			118.03			75.10		405.0				1.98				2
003632803		12.69			161.06			81.80		315.0				6.44				2
003642837		8.07			88.01			75.30		730.0				8.01				2
003645589		12.72			158.83			80.70		0.0				1.28				1
003647215		11.91			136.41			81.00		0.0				8.78				1
003733028		13.29			177.37			92.30		265.0				11.27				2
003733123		7.33			72.47			72.80		190.0				7.76				2
003733676		9.97			107.52			77.25		125.0				6.32				2
003734501		10.61			126.09			76.80		0.0				9.18				1
003735912		14.97			201.55			81.90		340.0				1.87				3
003744043		9.91			111.60			75.90		275.0				5.87				3
003746005		8.60			93.38			73.70		145.0				6.22				3
003751415		12.42			142.76			81.50		325.0				8.87				3
003751663		7.98			84.91			72.50		0.0				3.69				1
003756174		9.51			107.85			76.80		355.0				3.89				2
003833819		12.42			153.87			79.40		330.0				5.86				3
003837488		9.31			97.52			75.50		0.0				4.56				1
003839294		9.93			110.69			77.10		0.0				4.41				1
003842778		7.48			73.67			72.20		340.0				8.01				2
003847096		12.27			147.60			81.1		0.0				4.00				1
003854607		14.47			179.53			84.50		0.0				6.78				1
003861797		12.64			148.42			81.70		330.0				2.76				3
003942701		12.46			147.11			82.40		625.0				4.38				2
003955033		9.23			106.12			74.50		765.0				7.96				2
003965502		9.64			115.39			72.90		325.0				6.37				2
003970635		6.72			67.07			70.00		0.0				9.52				1
003973247		12.37			150.55			81.20		380.0				4.67				3
004048951		10.50			119.06			77.90		225.0				4.25				3
004056579		12.00			141.43			81.50		305.0				3.45				3
004066074		9.62			104.16			76.40		355.0				7.40				2
004066278		10.16			121.83			74.80		140.0				7.51				3
004074796		10.96			129.16			78.60		510.0				1.56				2
004137210		9.89			117.59			74.40		0.0				7.38				1
004147928		15.64			210.98			86.20		0.0				3.89				1
004147993		16.25			221.84			84.85		490.0				2.28				3
004164464		14.24			181.27			84.20		245.0				2.04				3
004168909		11.65			142.31			79.10		250.0				6.59				3
004171788		8.42			91.47			72.80		0.0				7.47				1
004172148		12.24			156.06			81.50		115.0				6.46				2
004174996		11.17			124.54			78.70		225.0				2.92				3
004180064		8.63			95.97			71.40		0.0				8.46				1
004261269		8.35			96.83			70.70		165.0				5.90				2
004262505		7.98			87.97			70.10		365.0				4.33				2
004279009		17.46			221.15			89.40		0.0				9.12				1
004280299		12.17			157.77			78.10		0.0				5.32				1
004280424		9.84			121.64			85.10		0.0				7.06				1
004282310		12.94			153.33			81.90		155.0				2.28				2
004348513		8.93			91.97			75.30		285.0				5.23				3
004350501		11.08			138.60			70.2		0.0				4.00				1
004356490		12.02			148.58			81.10		250.0				2.66				3
004365132		8.62			95.55			75.60		0.0				1.53				1
004370730		12.92			148.97			82.35		530.0				5.17				2
004376913		9.17			106.65			72.80		170.0				5.85				2
004445549		15.97			198.81			87.60		225.0				5.06				3
004446215		14.18			188.28			81.20		310.0				6.80				3
004448777		17.02			216.49			89.20		370.0				6.92				3
004454505		8.75			93.42			73.90		0.0				9.43				1
004457632		9.67			114.04			74.20		360.0				2.79				2
004465516		16.15			207.34			88.00		0.0				7.01				1
004466582		10.35			117.40			78.70		395.0				2.81				3
004469317		8.50			84.83			72.60		355.0				4.53				3
004471217		9.81			109.69			76.70		0.0				10.97				1
004472729		17.07			215.60			89.40		125.0				3.94				2
004475643		10.25			108.46			76.60		300.0				3.19				2
004489185		8.62			94.11			73.20		335.0				3.38				2
004555734		13.07			154.83			82.30		225.0				6.12				3
004568343		12.95			159.99			81.60		290.0				7.90				3
004570555		14.77			192.92			83.60		380.0				6.14				2
004571448		16.77			218.37			86.88		320.0				2.82				2
004586384		10.89			128.66			77.00		0.0				4.00				1
004586817		12.82			160.41			79.70		235.0				4.05				3
004588755		14.36			184.51			84.30		330.0				4.82				3
004633376		11.38			135.62			80.80		0.0				4.00				1
004645474		12.86			153.64			81.90		295.0				5.94				2
004645513		5.83			62.69			94.08		0.0				2.54				1
004649441		15.63			199.44			86.90		405.0				7.33				3
004650936		15.03			193.44			85.00		320.0				6.49				3
004660930		13.32			167.97			80.30		0.0				4.08				1
004662555		15.94			216.74			85.80		270.0				1.51				3
004664515		15.66			187.34			86.30		330.0				5.46				3
004667909		11.63			139.35			73.10		340.0				7.23				3
004669118		11.87			142.38			80.90		320.0				6.21				3
004678118		7.49			74.01			71.00		220.0				7.75				2
004726049		18.00			234.13			88.60		0.0				5.77				1
004729920		13.41			154.78			82.60		310.0				2.37				2
004730648		11.91			134.58			80.60		300.0				3.63				2
004732137		14.44			186.19			83.80		405.0				4.68				2
004749874		13.74			181.80			81.30		0.0				10.01				1
004755372		11.96			144.72			78.60		355.0				5.19				3
004756746		11.75			151.14			81.60		325.0				7.15				3
004774298		14.63			174.35			84.95		0.0				4.23				1
004818593		7.90			85.19			71.50		205.0				6.42				2
004826423		7.57			81.94			71.60		0.0				11.62				1
004833419		7.59			79.95			72.70		215.0				1.31				2
004839278		6.88			68.79			70.30		205.0				4.96				2
004840662		10.55			125.02			78.90		335.0				5.75				3
004842192		12.80			154.03			82.80		600.0				8.65				3
004847270		6.91			72.36			69.00		460.0				8.27				2
004852408		12.56			166.06			85.60		0.0				2.08				1
004848095		13.31			169.53			81.80		0.0				9.42				1
004902442		13.34			169.45			81.10		775.0				6.61				3
004904166		9.84			108.27			76.60		370.0				3.14				2
004904621		12.25			151.47			83.65		350.0				8.73				3
004912918		9.28			102.28			75.70		340.0				2.03				2
004920600		9.26			101.12			75.60		200.0				6.16				2
004926689		13.04			166.88			80.00		270.0				8.35				3
004928958		9.68			107.00			77.10		150.0				5.48				2
004932704		12.92			159.69			80.80		270.0				0.99				3
004934133		8.60			91.25			74.70		285.0				3.34				3
004952717		15.57			202.33			87.10		310.0				3.39				2
004953262		14.80			188.61			85.10		365.0				7.18				3
004989477		11.52			144.11			79.00		616.0				11.26				2
004991732		8.58			104.96			89.90		175.0				7.00				2
004995788		13.56			168.33			84.10		0.0				4.87				1
004997023		5.21			52.36			67.50		100.0				6.80				2
005000089		13.23			163.35			81.30		0.0				6.90				1
005002732		15.29			192.05			86.30		340.0				5.55				3
005003549		12.60			154.08			80.50		405.0				7.00				3
005006817		11.68			145.13			77.30		440.0				5.66				3
005016549		8.73			99.03			70.30		340.0				4.31				3
005019587		6.81			72.08			68.90		0.0				5.71				1
005034206		11.97			148.03			79.10		350.0				3.41				3
005035304		11.50			139.69			78.50		530.0				2.69				2
005080831		17.27			238.06			90.80		520.0				5.11				3
005083853		16.20			208.25			86.70		0.0				8.07				1
005105354		11.77			147.32			77.40		0.0				10.60				1
005107886		9.37			110.27			75.20		310.0				3.52				3
005109052		8.44			88.42			74.60		0.0				5.68				1
005109878		11.30			134.83			78.00		305.0				7.70				2
005110453		14.86			181.71			85.60		290.0				5.82				3
005111718		10.59			136.07			88.30		405.0				5.01				2
005112072		10.08			125.26			92.10		320.0				8.87				3
005113441		11.75			154.72			89.20		0.0				8.13				1
005129236		13.93			177.60			84.20		340.0				9.58				2
005168382		16.98			212.73			89.30		480.0				3.64				3
005172427		14.59			184.86			85.80		270.0				3.54				2
005176520		12.83			152.63			82.00		300.0				3.27				2
005197031		13.85			168.91			83.50		425.0				6.87				3
005199978		14.62			180.66			85.20		0.0				3.36				1
005206349		9.86			104.66			75.90		315.0				4.50				2
005208343		11.01			125.45			79.50		0.0				9.09				1
005214140		8.64			88.94			74.50		370.0				3.70				2
005215099		7.12			77.84			70.00		190.0				8.73				2
005215820		7.72			85.54			70.70		0.0				4.00				1
005252534		13.95			169.96			84.40		335.0				6.76				3
005254812		8.50			90.09			73.60		380.0				6.46				3
005255835		7.85			77.40			75.70		170.0				8.77				3
005266369		8.07			84.32			72.70		0.0				7.13				1
005284948		12.62			154.76			80.80		450.0				6.35				3
005285490		7.65			87.58			73.70		0.0				7.71				1
005290047		10.31			120.05			76.10		0.0				1.50				1
005295846		14.54			184.27			83.50		0.0				2.17				1
005305945		9.40			100.14			76.20		0.0				1.61				1
005306751		8.77			89.91			74.30		400.0				5.21				2
005308777		7.78			85.79			70.40		465.0				5.69				2
005340189		14.68			188.88			83.70		205.0				6.25				2
005340720		8.98			95.13			74.90		225.0				5.25				2
005341131		5.64			60.05			85.90		420.0				7.00				3
005341746		15.09			193.51			84.40		330.0				8.48				2
005343454		10.05			116.41			75.60		605.0				4.84				2
005345094		12.14			149.32			79.90		0.0				3.53				1
005350163		6.71			75.14			72.10		0.0				5.89				1
005356201		15.86			207.60			85.60		445.0				4.90				3
005364240		6.80			70.17			68.80		0.0				4.00				1
005370902		10.15			120.01			74.80		460.0				9.29				2
005371124		17.54			215.40			90.20		585.0				9.92				2
005371756		10.08			117.30			75.40		0.0				2.30				1
005372224		10.28			122.26			76.10		0.0				3.59				1
005377341		12.13			145.19			81.10		285.0				5.57				3
005377645		16.91			224.50			86.10		0.0				7.74				1
005380775		5.97			65.03			78.10		490.0				8.01				2
005384777		16.26			207.88			88.00		240.0				0.58				3
005385518		5.31			56.66			80.50		425.0				5.83				2
005389263		12.85			153.99			82.70		0.0				12.78				1
005390372		13.91			169.68			83.70		290.0				5.50				3
005428360		8.66			95.91			74.20		335.0				5.60				2
005429842		15.04			190.38			85.82		760.0				9.82				3
005440198		11.38			136.42			78.80		305.0				2.09				3
005450937		8.06			84.11			72.80		300.0				6.90				3
005457703		10.43			118.00			78.30		0.0				9.73				1
005461779		10.13			115.96			78.20		375.0				4.50				3
005461921		8.20			83.98			73.40		320.0				7.83				3
005470218		13.65			168.83			82.70		365.0				4.68				3
005513434		10.38			130.84			80.70		0.0				8.87				1
005513771		14.39			173.42			84.70		0.0				7.34				1
005514689		14.06			166.46			84.10		0.0				1.43				1
005521181		7.53			79.36			70.97		140.0				7.51				2
005522071		9.76			115.19			75.00		0.0				4.13				1
005522575		9.93			115.41			74.50		260.0				5.33				3
005530598		8.72			103.93			76.00		360.0				4.91				2
005543573		10.87			132.13			76.90		560.0				6.33				2
005544444		7.96			90.71			70.90		0.0				9.04				1
005560101		12.69			160.25			80.60		0.0				9.11				1
005600739		14.49			187.86			82.80		210.0				8.40				2
005602062		9.85			107.85			77.30		105.0				2.31				3
005613099		13.90			177.72			83.48		345.0				3.91				2
005617324		12.62			165.72			87.70		230.0				4.59				3
005620636		12.35			156.26			79.60		215.0				3.06				3
005637392		7.72			82.75			70.60		620.0				4.07				3
005639438		13.20			181.66			71.00		160.0				2.80				3
005645576		10.60			126.03			78.10		0.0				7.13				1
005647719		12.49			165.62			88.10		270.0				5.39				3
005648159		14.91			203.09			85.10		275.0				2.59				3
005650945		13.81			175.66			83.40		330.0				0.43				2
005653970		9.50			112.48			71.30		720.0				6.96				2
005685237		9.46			105.62			75.70		0.0				4.94				1
005694017		14.35			183.51			83.50		125.0				8.35				2
005694334		8.06			85.39			72.50		0.0				2.99				1
005714754		15.44			192.46			86.70		255.0				8.66				2
005724214		13.98			177.12			83.30		220.0				2.42				2
005771621		12.96			155.21			82.40		0.0				1.99				1
005780614		13.56			171.60			81.50		0.0				8.27				1
005791045		9.78			109.60			77.70		95.0				1.78				3
005857618		6.35			71.28			81.84		280.0				6.01				2
005858947		14.53			169.36			84.10		530.0				5.55				2
005866537		9.01			103.27			73.00		340.0				4.64				2
005866737		6.56			66.49			68.50		0.0				4.64				1
005867450		13.23			166.49			83.10		345.0				4.52				2
005867802		8.64			95.89			73.60		305.0				6.87				2
005869538		15.64			202.02			85.70		215.0				3.17				2
005876943		12.29			156.10			80.30		250.0				6.24				3
005879114		16.60			213.62			87.30		310.0				2.99				3
005880056		13.61			171.22			81.40		130.0				3.10				2
005894271		14.09			168.75			84.10		425.0				3.72				2
005905907		10.98			120.83			78.40		105.0				4.00				2
005937398		10.55			118.87			78.90		530.0				6.25				2
005939253		7.63			76.35			72.50		0.0				5.53				1
005940068		8.41			90.33			74.70		0.0				4.31				1
005940587		9.06			103.08			73.30		200.0				6.93				3
005951057		7.52			79.27			71.20		385.0				3.24				3
005953450		12.68			141.36			80.30		365.0				1.43				3
005954815		12.55			157.33			80.10		465.0				4.70				3
005961985		17.46			237.41			96.30		0.0				10.73				1
005963287		15.68			199.18			87.50		0.0				4.43				1
005967194		13.10			167.15			80.95		570.0				6.60				2
005976266		14.31			182.03			83.00		200.0				7.26				3
005978435		15.21			203.38			82.10		0.0				6.86				1
006019408		12.57			144.78			83.30		245.0				5.16				3
006021696		15.71			196.09			86.90		325.0				6.74				3
006022709		9.03			97.67			75.60		330.0				6.82				3
006025641		9.88			122.00			75.90		455.0				4.59				2
006033938		13.34			162.89			83.00		355.0				4.67				3
006058104		14.10			175.97			83.50		0.0				7.75				1
006061867		10.03			112.12			76.50		430.0				5.47				3
006104433		15.39			191.74			87.00		0.0				8.20				1
006104786		13.86			168.21			83.80		255.0				2.34				3
006114108		8.03			87.47			73.40		365.0				4.75				2
006116517		10.13			116.67			78.60		530.0				2.52				2
006117517		10.16			118.29			76.70		0.0				3.55				1
006117719		8.71			89.65			74.50		0.0				6.97				1
006118670		11.19			132.16			78.20		315.0				1.75				3
006119179		13.56			172.47			82.20		0.0				8.84				1
006119774		9.69			111.57			74.80		310.0				8.07				2
006126808		13.12			162.89			82.00		295.0				4.59				3
006144777		11.03			128.40			79.00		230.0				3.55				3
006185317		9.91			111.30			77.00		415.0				3.00				3
006188073		9.25			106.17			75.80		345.0				2.63				2
006196950		16.80			212.01			89.20		270.0				5.51				3
006200178		6.99			78.06			76.10		340.0				2.76				3
006207510		8.52			95.64			73.30		0.0				4.59				1
006212708		6.72			72.99			67.40		0.0				6.63				1
006212838		7.99			80.89			73.00		160.0				4.22				2
006222408		16.45			204.79			87.50		285.0				4.50				3
006222530		17.17			229.00			86.00		415.0				9.14				3
006223779		15.89			208.84			85.80		0.0				8.10				1
006225344		9.32			101.87			76.40		0.0				8.50				1
006228590		11.91			140.10			80.60		295.0				2.88				3
006231096		9.43			108.38			74.20		0.0				3.12				1
006262579		8.78			100.10			74.80		295.0				1.38				2
006263718		11.21			129.00			79.30		280.0				7.75				3
006263808		8.22			84.21			73.70		275.0				6.58				2
006265768		15.15			190.02			86.00		310.0				7.05				2
006271966		12.89			155.78			82.00		235.0				5.04				3
006273090		16.08			224.68			73.90		395.0				3.44				2
006276645		8.80			97.51			73.80		440.0				3.79				3
006280636		10.96			127.45			79.10		470.0				4.21				2
006289002		11.16			128.72			78.70		345.0				3.60				3
006304807		15.01			198.45			83.50		340.0				4.47				3
006309862		7.78			79.13			72.20		0.0				6.68				1
006311283		15.92			208.55			85.30		0.0				5.26				1
006341990		10.92			125.14			79.69		320.0				6.73				2
006350696		14.28			187.54			81.60		450.0				5.04				2
006352407		17.17			227.36			87.00		365.0				4.28				3
006358695		9.30			105.75			75.50		485.0				1.12				3
006359454		12.36			147.73			80.60		0.0				4.64				1
006360104		8.11			81.97			75.90		185.0				6.76				3
006369548		9.96			116.74			75.30		390.0				5.28				3
006380975		12.45			152.54			80.30		210.0				0.56				3
006391933		14.20			172.13			84.80		355.0				7.82				3
006424157		8.91			99.32			73.80		0.0				9.52				1
006424320		9.88			108.54			76.50		325.0				3.09				3
006424515		11.54			140.45			78.30		625.0				2.21				2
006425377		13.00			160.55			81.10		380.0				5.67				3
006431097		14.16			177.82			83.40		220.0				9.71				3
006435623		16.68			211.32			91.40		320.0				3.25				2
006435786		11.89			142.91			79.60		345.0				7.05				3
006437547		10.73			139.21			101.80		305.0				10.01				2
006441442		12.10			150.18			78.58		285.0				3.80				2
006448299		15.16			203.82			81.90		0.0				10.82				1
006450868		11.44			137.28			78.10		630.0				0.69				2
006451273		17.11			216.67			90.20		430.0				3.87				2
006469446		12.35			143.94			81.70		430.0				4.61				3
006502598		11.85			140.10			80.30		290.0				1.89				2
006504978		15.60			207.92			84.70		0.0				10.47				1
006507794		16.25			202.59			88.00		0.0				9.17				1
006579495		8.20			85.83			79.90		125.0				7.47				3
006584555		13.42			170.81			83.60		320.0				7.52				3
006592034		12.65			147.68			82.40		0.0				0.85				1
006612102		11.33			139.84			80.55		355.0				7.26				3
006620586		12.47			165.25			67.70		110.0				8.31				2
006633766		11.77			150.33			73.20		95.0				1.15				2
006665058		9.79			106.83			77.50		495.0				1.67				2
006678433		9.11			110.05			74.90		220.0				7.16				3
006680023		13.46			166.59			83.90		260.0				6.55				2
006689517		16.46			211.13			88.00		0.0				10.85				1
006690139		9.70			115.54			66.00		135.0				7.26				2
006690894		14.95			194.51			84.70		215.0				6.81				3
006720334		15.59			205.14			84.90		0.0				4.11				1
006751562		13.60			170.97			84.30		290.0				3.51				3
006752116		7.99			83.01			73.60		0.0				0.73				1
006756156		13.71			160.49			83.30		335.0				1.29				2
006762465		9.31			101.30			75.00		570.0				3.92				2
006764685		10.12			120.95			75.70		365.0				2.26				2
006767165		8.11			87.98			72.80		0.0				2.65				1
006774693		8.78			98.67			73.00		260.0				1.57				2
006776349		11.16			128.75			78.50		230.0				3.62				3
006776396		11.86			144.43			78.80		285.0				1.45				3
006779699		8.07			86.86			74.40		335.0				6.06				2
006785068		8.12			89.02			71.80		0.0				7.73				1
006786177		8.50			96.71			71.80		0.0				6.22				1
006793808		8.52			90.69			75.00		0.0				5.42				1
006837573		11.52			135.03			79.40		215.0				3.33				3
006841793		14.62			190.84			84.20		270.0				5.96				3
006847876		9.44			102.12			78.20		0.0				1.36				1
006853977		8.41			94.65			70.70		450.0				3.34				2
006859803		13.58			170.84			82.00		0.0				8.33				1
006860649		9.86			111.51			76.40		600.0				6.80				3
006863899		9.31			101.03			75.90		385.0				2.93				3
006868144		9.01			103.54			73.30		350.0				1.40				2
006875474		8.91			92.26			75.00		345.0				1.92				3
006876162		7.15			81.48			66.70		305.0				1.53				2
006879830		14.92			189.24			85.20		225.0				2.36				2
006924105		10.04			103.21			74.60		490.0				6.02				2
006925109		15.48			187.17			86.60		325.0				0.94				2
006925158		8.01			91.74			70.40		380.0				5.48				3
006928997		10.06			120.67			76.90		0.0				9.88				1
006936091		8.75			92.29			75.00		190.0				2.90				3
006937017		8.07			95.15			71.30		715.0				8.50				2
006947706		8.73			95.07			73.20		0.0				5.89				1
006951121		14.83			198.96			83.20		0.0				6.62				1
006953912		12.71			157.91			77.50		530.0				6.85				3
007009245		9.55			107.02			75.10		295.0				1.66				2
007014126		12.71			147.26			81.62		275.0				7.79				2
007018212		12.61			153.33			82.70		370.0				0.91				3
007018515		9.27			102.60			76.80		0.0				7.83				1
007025935		7.72			80.00			72.80		0.0				7.34				1
007033225		15.21			195.69			86.20		180.0				6.89				3
007041245		9.87			112.48			76.10		915.0				5.49				2
007042040		11.61			144.65			77.70		365.0				2.08				3
007049771		13.25			174.49			79.60		395.0				9.02				3
007060732		10.96			131.47			77.80		320.0				2.56				3
007090867		8.75			96.70			71.60		225.0				7.96				2
007092127		9.90			112.12			77.60		0.0				6.39				1
007107419		10.22			111.88			77.70		560.0				6.16				2
007107505		6.81			63.66			70.50		180.0				2.80				2
007108511		16.93			217.39			89.50		520.0				3.75				3
007118457		11.64			149.31			82.00		155.0				9.11				2
007121674		5.88			63.74			70.70		400.0				10.51				2
007122640		7.79			81.47			73.00		515.0				4.77				3
007128663		7.75			92.24			86.40		280.0				7.09				2
007131794		8.96			106.08			77.90		345.0				4.28				2
007136854		9.32			105.97			76.00		340.0				2.03				2
007178170		8.44			85.67			74.00		0.0				7.07				1
007186744		9.74			107.96			76.50		415.0				5.03				2
007188662		9.46			109.86			73.90		125.0				1.22				3
007189418		10.23			114.11			77.80		355.0				2.09				2
007198587		13.78			177.52			81.20		330.0				0.43				2
007207127		14.81			196.22			83.70		190.0				1.81				2
007217530		14.96			186.20			86.50		305.0				1.56				2
007218915		10.16			115.87			76.00		0.0				7.07				1
007257175		8.12			80.42			72.88		395.0				5.35				3
007258188		15.29			194.38			84.70		0.0				2.74				1
007265189		8.57			85.12			72.50		395.0				5.35				3
007270385		9.91			111.89			75.50		415.0				2.48				2
007283405		6.32			69.74			63.90		160.0				8.03				2
007288938		7.62			86.32			72.88		625.0				4.63				2
007292720		14.68			185.98			85.10		295.0				3.21				3
007295725		7.62			87.34			74.30		375.0				2.66				2
007302117		15.57			212.50			85.30		470.0				2.65				2
007348314		7.89			83.94			76.80		740.0				6.53				3
007348956		14.64			185.90			83.90		300.0				5.97				2
007350897		11.17			130.08			77.70		570.0				1.07				2
007368013		7.92			88.05			71.72		725.0				3.68				2
007376659		10.14			113.16			77.60		0.0				6.17				1
007377547		16.62			211.42			89.30		305.0				2.44				3
007387808		9.86			120.30			75.00		335.0				3.12				2
007430666		10.79			125.74			78.50		385.0				5.68				2
007439931		17.32			240.14			85.40		0.0				3.85				1
007446296		6.72			68.23			69.10		380.0				1.44				2
007450230		16.83			211.85			88.00		170.0				12.54				2
007458743		10.92			124.13			76.40		180.0				9.05				2
007468295		15.92			201.83			87.30		310.0				9.90				3
007468893		7.83			90.70			84.10		310.0				3.03				3
007501656		14.45			178.94			85.00		325.0				1.02				3
007501667		13.95			173.64			84.70		450.0				3.35				2
007502128		11.13			128.04			79.90		0.0				7.92				1
007502157		6.34			65.24			67.60		0.0				2.91				1
007504619		17.64			224.98			90.50		290.0				2.65				3
007509923		13.26			168.80			80.32		405.0				4.26				2
007510539		13.84			172.52			82.60		380.0				7.59				3
007516156		12.68			162.62			81.32		880.0				2.24				3
007518143		12.38			157.05			78.40		175.0				2.80				3
007518352		7.50			76.35			71.00		160.0				6.79				3
007529215		8.37			90.16			72.60		200.0				3.96				3
007530088		13.41			166.13			81.70		350.0				3.62				2
007533995		9.62			106.55			77.30		0.0				3.70				1
007538899		9.99			113.02			77.40		0.0				9.00				1
007546098		13.18			159.56			82.70		325.0				1.30				3
007581822		13.14			160.44			83.80		435.0				5.39				3
007584122		18.57			232.83			91.30		480.0				7.06				3
007591451		11.03			127.67			75.40		0.0				7.59				1
007609801		10.52			121.70			77.10		0.0				0.78				1
007611069		12.64			158.56			79.20		190.0				6.85				3
007617912		17.29			216.93			89.45		500.0				0.71				3
007612755		8.40			91.51			73.00		0.0				5.52				1
007617028		15.48			205.72			83.70		295.0				4.45				3
007619745		13.13			169.35			78.90		365.0				3.84				2
007619946		13.79			166.62			84.20		335.0				3.20				2
007621561		10.05			115.39			77.30		270.0				1.90				3
007621593		10.54			127.13			75.10		600.0				6.77				2
007624334		8.59			97.90			71.80		360.0				3.69				2
007629559		8.35			93.57			73.50		475.0				4.66				2
007630302		12.05			143.58			79.90		295.0				2.12				3
007630743		14.14			171.99			85.10		0.0				7.68				1
007661080		12.60			153.99			82.90		345.0				3.97				3
007661600		13.45			170.16			81.80		315.0				2.50				3
007674224		10.79			130.12			77.10		370.0				1.18				3
007685657		8.44			91.70			73.90		405.0				2.52				3
007687390		7.74			83.62			71.20		215.0				8.37				2
007690739		8.92			92.24			74.70		0.0				4.79				1
007691952		7.76			81.18			71.20		220.0				3.00				3
007696229		7.00			78.00			66.90		405.0				4.78				2
007696976		16.04			206.46			86.70		0.0				2.86				1
007697633		14.49			184.18			84.70		300.0				7.34				3
007698688		7.72			82.75			71.20		0.0				0.85				1
007728741		11.66			140.66			79.50		485.0				6.12				2
007728958		9.04			95.44			75.60		390.0				1.18				2
007730215		9.81			110.49			75.60		210.0				6.26				3
007733106		13.08			169.80			79.45		0.0				9.91				1
007750189		13.06			155.83			82.50		330.0				6.51				2
007761336		15.54			193.34			86.50		270.0				5.64				3
007762104		14.71			196.56			83.30		320.0				3.24				2
007765258		10.40			129.23			74.70		150.0				4.53				3
007769544		17.84			230.50			90.05		275.0				5.27				3
007771045		13.99			184.62			81.50		605.0				5.38				3
007777395		14.85			191.31			84.50		475.0				8.50				2
007778197		9.88			128.54			65.40		0.0				7.86				1
007798570		7.86			81.30			71.20		500.0				4.26				2
007799904		7.89			77.88			72.00		685.0				3.84				3
007809050		9.10			105.62			74.80		0.0				2.75				1
007810876		13.30			171.58			80.10		165.0				7.73				2
007815838		13.03			165.95			80.20		420.0				1.73				3
007818152		7.40			80.54			68.80		905.0				7.78				2
007821385		7.40			80.55			69.70		0.0				4.27				1
007836711		8.58			87.79			74.40		280.0				5.00				2
007849791		7.75			81.25			73.70		260.0				4.34				2
007869863		9.94			110.27			76.90		310.0				6.38				2
007870694		12.77			158.97			80.60		0.0				8.56				1
007872097		9.74			115.08			75.10		150.0				4.75				2
007878297		8.31			85.86			74.10		0.0				7.82				1
007878388		9.27			103.11			75.90		465.0				0.58				2
007880417		14.77			190.38			85.60		335.0				4.63				2
007884986		9.95			113.97			76.02		685.0				9.31				3
007888957		10.52			122.88			78.80		0.0				8.29				1
007937449		11.15			130.94			79.10		440.0				1.69				2
007941429		16.89			209.68			89.10		215.0				5.38				3
007955078		10.17			119.28			75.40		0.0				3.37				1
007955597		12.33			150.96			81.00		305.0				7.75				3
007957377		7.28			80.43			70.90		0.0				9.28				1
007957918		7.57			83.65			68.80		220.0				5.12				2
007969053		10.98			127.08			78.50		170.0				7.32				2
007983015		11.49			136.67			81.00		0.0				6.52				1
007983431		10.07			110.82			78.12		305.0				2.14				3
007985382		6.80			74.77			69.80		0.0				5.79				1
008004637		8.14			86.57			73.20		665.0				5.19				3
008004863		8.59			96.96			72.10		0.0				3.84				1
008007218		14.30			179.23			84.70		285.0				5.92				2
008009740		12.97			167.65			80.50		200.0				9.38				2
008009745		14.62			187.60			84.50		205.0				8.08				2
008016650		9.51			107.54			76.90		0.0				0.65				1
008017348		14.21			186.60			81.80		275.0				3.68				2
008017898		7.24			75.15			70.60		320.0				5.59				2
008025991		8.03			80.25			71.40		0.0				6.88				1
008026963		8.18			94.30			71.60		150.0				3.54				3
008040267		15.48			196.68			86.70		245.0				3.44				2
008043596		10.32			111.53			77.80		430.0				7.12				3
008053949		6.53			70.82			69.92		235.0				7.43				2
008054055		10.47			123.91			76.20		0.0				7.78				1
008055108		9.21			115.11			65.10		120.0				4.07				3
008058062		11.86			140.95			79.30		180.0				4.78				2
008073887		14.68			189.87			84.20		450.0				6.02				2
008077790		11.82			142.95			79.00		410.0				4.87				3
008081497		9.05			95.92			75.80		520.0				5.48				3
008086682		8.03			85.98			71.25		100.0				5.50				3
008087067		9.04			100.46			74.30		0.0				3.66				1
008098454		17.19			222.92			88.40		180.0				2.97				2
008098608		10.80			126.13			78.40		0.0				6.63				1
008099364		16.49			206.44			88.00		260.0				6.97				3
008110026		7.20			70.10			71.20		0.0				7.23				1
008110809		15.20			187.91			86.10		340.0				1.07				2
008111555		11.33			141.39			77.40		680.0				5.56				2
008115488		12.94			159.25			81.50		370.0				1.44				3
008123432		11.63			143.80			77.00		0.0				4.49				1
008127707		17.06			219.37			91.30		480.0				3.86				3
008142438		8.81			97.24			74.00		370.0				6.34				2
008144467		11.62			138.14			79.40		0.0				4.62				1
008144802		7.31			75.58			71.50		325.0				3.57				2
008154682		9.74			111.57			76.00		350.0				4.34				2
008154693		11.81			142.15			78.40		370.0				4.17				2
008155782		11.85			135.56			79.40		0.0				3.78				1
008158382		8.45			90.94			74.40		340.0				6.71				2
008161789		10.44			121.25			76.90		0.0				1.58				1
008162712		7.07			71.50			72.90		120.0				6.70				2
008172679		12.23			148.27			79.70		405.0				5.11				3
008173581		8.80			98.88			73.40		0.0				0.36				1
008175678		6.72			67.27			69.10		120.0				5.68				2
008176259		7.34			73.98			70.60		260.0				9.28				2
008181816		8.34			89.88			73.70		320.0				4.43				2
008188772		10.18			126.98			86.70		325.0				6.88				3
008192892		10.41			119.16			77.20		0.0				0.87				1
008210306		7.08			72.22			70.70		190.0				8.75				2
008214394		14.12			182.32			82.30		390.0				3.02				2
008221785		7.76			79.64			72.80		310.0				6.61				3
008235144		12.81			159.51			81.30		350.0				6.88				2
008235991		9.87			108.77			77.30		370.0				2.72				2
008250069		15.78			196.17			86.90		0.0				7.83				1
008262338		16.86			220.95			86.70		205.0				7.94				2
008264074		13.74			173.43			84.60		120.0				3.51				3
008283356		11.22			134.71			78.40		555.0				2.81				2
008299489		11.62			140.95			78.10		0.0				7.54				1
008301905		11.89			139.62			80.00		0.0				6.48				1
008307791		9.59			106.86			76.70		375.0				4.90				2
008308639		9.69			109.90			75.90		355.0				2.64				2
008309466		14.39			185.47			84.20		480.0				6.77				2
008312512		9.22			101.96			74.50		360.0				1.58				2
008315560		7.50			86.55			88.90		270.0				5.60				3
008315796		8.94			99.94			73.90		425.0				2.72				3
008316412		9.29			104.10			75.50		420.0				5.05				2
008323295		10.87			129.68			77.90		0.0				5.90				1
008328390		7.85			84.49			72.70		0.0				6.85				1
008330073		9.41			98.71			75.80		415.0				4.57				2
008344592		12.46			146.20			81.70		285.0				3.38				2
008345515		9.86			109.40			77.50		370.0				2.95				2
008358990		8.50			91.08			74.60		0.0				0.80				1
008360297		8.20			82.72			73.80		0.0				5.34				1
008364786		5.54			58.44			65.30		0.0				4.34				1
008366239		13.74			185.08			87.80		245.0				2.62				2
008374394		9.42			101.33			76.50		380.0				1.47				2
008377962		10.98			131.90			76.80		0.0				1.97				1
008381622		10.63			119.48			77.70		250.0				7.15				3
008387668		17.73			222.38			90.90		0.0				0.26				1
008391545		12.83			157.41			80.40		0.0				3.50				1
008418309		10.20			115.26			87.50		155.0				9.88				3
008420916		7.29			77.18			68.40		245.0				6.87				2
008420954		7.96			85.05			72.30		395.0				3.14				2
008423708		12.06			148.17			79.25		305.0				5.27				2
008425211		14.66			195.86			82.30		0.0				0.88				1
008426672		14.91			194.94			83.90		485.0				8.78				2
008428095		5.44			56.46			72.45		145.0				5.31				2
008429977		11.01			131.84			76.90		0.0				0.45				1
008431083		10.93			122.43			79.20		570.0				6.84				2
008432800		11.63			134.90			80.20		340.0				4.02				3
008440248		12.50			153.85			79.80		195.0				2.06				2
008451486		11.48			130.18			80.15		360.0				7.49				2
008453896		9.99			108.29			77.50		0.0				1.43				1
008458124		12.25			153.71			79.10		365.0				5.55				3
008458459		16.14			209.80			86.90		350.0				2.07				2
008458954		11.26			134.11			79.80		330.0				2.58				3
008459085		14.99			194.30			84.60		290.0				8.51				3
008460470		9.62			106.33			76.60		350.0				3.75				3
008475025		9.66			111.84			74.30		330.0				3.04				2
008480097		15.46			199.34			86.90		305.0				1.18				3
008488530		7.45			83.92			69.40		235.0				6.05				3
008494157		9.82			103.36			76.20		0.0				0.80				1
008494160		15.84			202.81			87.30		0.0				2.65				1
008505072		9.58			104.50			75.40		410.0				4.57				2
008507484		8.30			95.16			72.10		0.0				1.35				1
008510560		8.64			99.40			73.10		885.0				3.82				2
008518198		11.55			137.35			79.30		425.0				2.81				3
008524315		7.95			83.73			73.10		275.0				3.80				3
008526691		11.23			134.31			79.60		185.0				6.47				2
008538793		11.18			128.11			80.00		415.0				3.54				2
008540034		15.06			193.59			84.10		570.0				4.81				3
008545504		9.28			109.78			74.85		305.0				2.14				3
008543569		8.95			97.52			75.00		560.0				4.73				2
008555599		6.39			62.39			71.70		715.0				6.38				3
008564157		13.43			168.08			82.80		830.0				7.17				2
008564976		9.60			103.63			76.80		520.0				1.78				2
008574234		10.60			118.09			77.50		0.0				5.24				1
008579095		12.00			152.46			78.20		285.0				1.46				3
008583313		12.85			150.34			82.80		360.0				1.11				2
008605197		9.74			109.88			77.40		380.0				2.13				2
008607365		7.53			84.61			72.30		105.0				3.65				3
008609482		11.85			143.91			80.20		0.0				5.07				1
008611394		9.68			104.98			76.30		0.0				0.91				1
008612480		8.42			92.36			74.30		0.0				5.60				1
008613617		13.62			170.50			81.40		225.0				3.34				2
008620380		11.59			141.57			77.60		455.0				1.09				2
008620872		10.24			118.16			76.70		0.0				2.91				1
008623565		8.49			95.61			70.25		810.0				7.40				2
008623655		8.03			82.94			73.70		765.0				10.07				2
008630459		15.10			190.22			86.90		0.0				9.62				1
008630587		11.99			147.31			79.10		355.0				0.73				3
008636389		9.73			108.11			75.91		250.0				3.91				3
008648759		14.12			175.74			83.50		0.0				10.79				1
008673261		10.34			126.28			78.50		0.0				6.82				1
008674172		11.06			125.72			79.00		0.0				0.57				1
008678638		14.82			189.50			84.30		320.0				8.11				3
008684542		13.52			177.28			80.20		95.0				7.64				2
008686904		10.44			121.49			76.50		410.0				3.57				2
008688421		12.26			155.35			77.40		0.0				0.35				1
008694617		9.11			99.07			72.70		365.0				7.06				2
008718745		11.41			128.40			80.10		0.0				8.40				1
008733697		16.15			209.63			87.60		490.0				1.14				2
008742229		8.62			101.79			80.30		0.0				5.90				1
008742545		12.29			142.36			81.20		0.0				0.37				1
008742912		8.99			105.64			72.10		340.0				3.32				2
008766846		13.16			161.71			81.80		290.0				1.10				2
008806387		9.10			102.11			74.50		0.0				5.45				1
008807777		7.65			81.30			74.40		320.0				0.94				2
008813618		11.32			130.60			79.60		360.0				6.90				3
008815404		7.29			77.18			71.70		285.0				6.69				2
008815517		8.30			86.20			74.50		210.0				9.16				2
008816007		15.71			205.07			85.80		280.0				0.87				2
008819552		10.31			120.98			77.50		0.0				3.15				1
008823626		7.93			79.53			72.40		185.0				4.78				2
008827853		13.03			156.77			82.30		0.0				1.87				1
008838230		14.02			178.96			82.40		190.0				1.93				3
008866860		11.67			138.58			80.10		280.0				4.31				2
008867239		8.39			87.62			74.70		0.0				4.52				1
008869611		8.93			95.30			75.50		475.0				3.12				3
008872890		13.16			162.81			81.90		345.0				1.99				2
008892050		15.32			203.55			84.50		0.0				10.00				1
008893087		10.40			117.45			78.70		370.0				6.29				2
008914107		12.47			155.44			79.20		205.0				0.76				3
008936347		7.08			73.56			71.10		0.0				10.85				1
008946951		9.15			104.99			72.20		0.0				6.12				1
008957693		10.87			137.81			78.60		310.0				3.79				2
008957944		9.51			113.50			74.00		390.0				0.70				2
008958065		6.41			64.24			68.70		125.0				5.40				3
008981783		14.02			181.47			81.70		425.0				8.34				3
008984355		14.37			187.84			82.80		340.0				0.97				3
009018640		9.83			109.30			75.90		110.0				6.87				2
009018790		9.43			106.42			74.80		310.0				6.60				2
009031549		7.16			72.10			71.40		380.0				7.33				2
009031798		9.94			111.43			76.70		165.0				3.10				3
009071153		10.02			116.36			76.50		590.0				2.80				2
009074137		12.89			157.28			82.10		470.0				1.49				3
009074792		9.79			110.70			77.40		360.0				1.45				2
009075872		13.22			157.57			82.50		290.0				2.45				3
009084281		8.81			93.92			74.50		275.0				2.04				2
009086187		9.87			110.34			76.30		0.0				2.08				1
009091127		8.02			84.77			70.90		900.0				7.43				2
009100548		10.93			120.70			78.60		270.0				5.70				3
009109244		13.79			179.41			81.70		480.0				1.80				3
009119915		12.59			148.09			81.50		345.0				11.10				2
009137958		9.17			96.92			75.00		295.0				4.41				2
009145781		17.70			229.96			88.20		275.0				3.81				2
009145861		10.90			132.40			77.50		575.0				3.33				2
009146372		9.01			103.48			74.60		315.0				5.88				2
009152245		11.08			128.38			79.90		490.0				3.48				3
009157260		18.14			224.38			91.10		380.0				6.04				3
009163153		12.53			154.38			82.40		0.0				4.36				1
009163621		15.51			202.95			85.80		350.0				8.28				2
009164696		8.94			99.41			74.30		305.0				0.53				2
009172127		14.53			187.52			84.20		475.0				7.66				3
009202597		9.70			112.41			76.60		180.0				4.79				3
009209366		11.06			130.07			80.40		0.0				0.67				1
009209565		12.28			145.57			82.30		270.0				3.23				2
009210548		14.78			182.44			85.30		290.0				1.49				3
009211160		13.99			174.09			83.30		325.0				6.56				3
009211176		11.05			120.83			78.60		385.0				3.17				2
009214512		8.97			98.59			74.40		420.0				1.08				2
009224602		6.82			69.90			70.10		185.0				8.60				3
009225958		13.58			171.82			82.40		310.0				0.52				2
009228469		9.26			104.53			74.20		0.0				2.80				1
009245197		16.09			215.53			85.60		625.0				0.97				2
009267654		10.36			118.25			77.90		460.0				5.03				2
009269234		9.97			113.27			77.70		265.0				1.50				3
009273251		13.81			169.79			87.10		535.0				7.12				3
009285116		9.85			111.38			76.90		420.0				4.51				3
009285727		14.53			185.94			84.70		260.0				5.97				2
009289780		17.34			217.57			88.70		320.0				4.00				3
009290593		7.96			86.70			71.10		325.0				7.51				2
009300159		12.71			163.86			83.60		245.0				3.92				3
009305599		13.33			154.58			83.00		465.0				1.68				3
009326896		12.49			156.58			72.30		660.0				2.31				3
009335518		9.16			103.46			75.50		0.0				1.13				1
009340325		9.22			99.96			76.20		500.0				1.89				2
009368528		16.32			207.36			88.35		0.0				8.52				1
009368745		9.15			105.86			73.50		375.0				0.82				2
009388523		12.52			155.07			80.20		480.0				3.30				3
009402439		11.46			135.83			79.20		360.0				3.27				3
009414008		8.10			82.73			73.40		320.0				0.78				2
009418101		17.08			227.53			85.80		345.0				2.33				2
009426610		10.82			130.47			76.40		815.0				2.35				3
009427899		14.25			180.40			83.30		510.0				5.30				2
009456242		11.34			137.13			77.90		320.0				7.06				3
009457533		13.24			167.89			81.20		325.0				4.24				2
009472076		10.18			124.56			75.60		185.0				4.63				3
009474201		15.05			198.53			63.30		0.0				7.98				1
009475697		9.88			114.82			75.50		0.0				1.46				1
009512519		9.64			109.60			75.70		400.0				3.87				3
009512635		11.78			139.80			79.20		450.0				2.91				2
009513889		9.35			102.44			75.20		395.0				1.51				2
009520216		11.89			139.69			80.70		375.0				2.75				3
009521171		7.88			83.42			71.50		295.0				1.34				2
009531084		9.23			99.98			76.80		135.0				2.11				2
009531103		14.83			190.38			85.40		325.0				1.67				2
009534288		12.08			156.86			82.90		710.0				0.79				2
009534802		11.59			139.20			80.60		485.0				2.29				2
009534964		10.81			127.15			76.80		250.0				3.69				3
009541946		8.95			98.94			74.10		505.0				3.46				3
009574650		9.63			106.42			76.00		185.0				6.43				2
009575847		14.03			175.15			83.30		370.0				1.47				2
009593478		14.73			194.78			82.50		305.0				6.55				2
009596479		12.94			156.35			82.10		330.0				1.85				3
009602686		9.52			105.83			77.40		440.0				4.26				2
009631875		13.44			167.69			82.70		295.0				1.09				2
009635649		15.27			204.25			84.10		455.0				1.48				3
009641694		12.44			149.12			82.30		0.0				1.62				1
009642805		12.55			167.99			70.70		0.0				4.83				1
009649838		10.49			125.55			73.10		540.0				7.92				3
009650424		9.31			101.84			76.00		475.0				4.92				3
009652704		14.54			187.24			84.40		540.0				7.75				3
009662723		7.39			82.16			83.00		265.0				3.60				2
009663247		15.33			199.73			85.15		430.0				3.12				2
009663257		10.44			122.63			76.70		0.0				1.48				1
009665890		12.59			143.41			81.60		0.0				1.41				1
009692431		7.34			82.73			66.10		240.0				6.30				3
009698133		9.34			110.64			71.50		390.0				3.15				2
009699882		12.65			154.19			81.20		220.0				6.85				2
009700053		16.83			221.87			87.60		465.0				2.14				3
009700142		8.90			97.02			75.00		465.0				4.89				3
009706819		16.54			217.56			84.80		0.0				4.16				1
009707138		15.45			203.66			84.20		245.0				3.29				2
009712445		14.19			181.66			84.70		285.0				9.35				3
009712824		12.04			146.09			81.30		330.0				3.19				3
009713043		9.29			104.47			75.20		405.0				0.50				2
009713617		12.54			154.52			82.20		335.0				3.40				3
009724451		12.96			161.22			81.20		610.0				3.29				3
009726669		7.89			83.94			71.82		0.0				5.44				1
009726997		8.98			102.52			73.50		395.0				4.27				2
009754133		11.60			137.22			80.30		515.0				2.00				2
009758193		7.33			73.56			70.80		0.0				7.65				1
009760514		14.84			190.04			84.00		320.0				4.62				2
009763796		12.42			145.02			81.20		285.0				1.97				3
009767815		8.12			80.99			72.60		0.0				1.89				1
009768134		17.52			221.78			91.75		360.0				2.38				3
009772366		6.85			75.37			71.40		125.0				6.82				2
009777479		15.22			193.44			86.20		150.0				4.88				2
009778887		7.84			81.24			72.60		0.0				7.41				1
009784586		6.77			76.03			62.70		160.0				4.27				3
009789635		16.30			213.37			84.70		190.0				9.59				2
009811950		10.49			123.74			77.80		535.0				3.42				2
009818288		8.52			92.92			76.60		245.0				1.43				2
009824874		7.45			76.93			69.50		780.0				6.16				2
009825272		6.70			67.52			68.30		0.0				9.78				1
009837129		8.14			87.95			73.50		415.0				3.53				2
009844539		15.44			199.41			87.60		0.0				9.99				1
009873127		15.78			202.25			87.10		470.0				3.96				3
009873753		16.87			216.78			88.90		215.0				3.08				2
009881708		11.61			140.61			78.60		360.0				3.58				3
009882316		13.68			180.40			80.40		0.0				2.33				1
009882766		13.07			164.83			80.20		350.0				2.92				3
009885121		7.42			75.28			71.80		320.0				3.91				3
009887670		8.04			84.48			72.70		0.0				7.17				1
009893850		11.76			131.85			80.10		390.0				3.57				3
009896174		18.20			233.26			89.40		285.0				0.93				2
009897206		7.13			70.82			72.46		480.0				8.31				2
009904059		11.92			142.81			79.40		285.0				1.77				2
009904365		15.88			209.74			84.50		340.0				1.19				2
009906240		8.00			88.58			72.10		0.0				3.42				1
009932463		14.94			192.86			85.80		365.0				1.21				2
009934955		12.16			139.49			80.70		0.0				1.75				1
009936310		13.10			157.76			82.30		330.0				1.10				3
009941141		8.02			88.58			72.80		340.0				2.12				2
009946213		9.90			111.44			76.90		0.0				4.65				1
009962982		7.16			74.15			70.00		105.0				4.81				3
009964436		15.25			195.45			86.10		285.0				1.30				2
009967700		9.67			107.49			75.80		210.0				5.70				3
009969088		13.32			169.22			81.10		0.0				4.08				1
010000547		13.29			161.10			82.70		265.0				3.92				2
010006097		11.99			141.12			80.90		365.0				1.93				3
010018811		7.37			76.98			70.20		595.0				5.60				2
010019661		11.53			137.95			80.80		0.0				1.87				1
010030919		15.32			192.31			86.70		350.0				7.20				2
010031345		9.96			117.84			75.50		415.0				4.23				2
010034889		11.72			144.29			77.40		400.0				2.32				2
010068556		13.99			181.10			81.60		250.0				2.95				2
010069788		11.25			132.31			78.90		0.0				2.30				1
010088999		9.23			101.03			76.70		405.0				3.59				3
010090039		7.35			83.08			69.90		0.0				5.77				1
010122250		12.96			162.38			80.60		350.0				3.21				2
010123207		13.67			160.29			83.70		0.0				4.42				1
010133033		14.77			192.68			82.40		560.0				1.02				2
010145736		14.16			194.59			96.60		195.0				10.65				3
010146803		13.62			168.99			82.40		335.0				0.61				2
010147167		10.67			124.93			78.80		0.0				6.79				1
010148629		8.46			91.63			73.50		335.0				2.69				2
010149324		12.52			155.69			83.30		330.0				4.00				2
010158595		6.76			70.53			68.10		0.0				4.69				1
010188953		10.52			123.07			77.00		415.0				1.41				2
010192458		10.47			117.51			78.09		140.0				4.02				2
010192691		8.64			92.77			74.90		355.0				10.22				2
010202184		12.76			158.87			79.80		310.0				0.83				3
010223473		14.56			178.85			85.20		0.0				5.51				1
010229696		10.63			117.30			78.50		85.0				5.97				2
010257419		8.46			91.28			74.00		0.0				8.72				1
010257635		8.58			94.88			73.80		320.0				1.13				2
010263598		10.53			123.16			77.00		0.0				1.71				1
010272641		8.21			90.00			72.20		270.0				1.52				2
010272966		9.39			101.95			75.70		345.0				3.59				2
010274503		13.21			161.79			83.10		0.0				7.69				1
010286995		7.68			81.96			73.00		0.0				1.53				1
010322666		8.88			101.01			75.30		0.0				6.94				1
010328727		11.67			134.94			79.70		600.0				2.01				2
010333131		12.76			163.59			79.90		285.0				6.12				3
010339303		8.26			89.11			74.70		0.0				1.38				1
010351142		7.64			83.00			70.70		570.0				8.43				2
010382727		15.40			198.26			86.00		190.0				8.49				3
010386904		14.83			182.26			85.90		490.0				1.92				3
010387370		7.09			68.56			71.62		125.0				2.23				2
010387999		8.58			91.42			75.80		290.0				6.38				2
010397623		6.91			69.76			70.80		0.0				8.36				1
010420629		13.62			182.76			89.30		280.0				6.50				3
010422287		8.35			97.71			72.30		195.0				6.40				3
010424379		9.55			106.41			75.10		0.0				6.90				1
010427256		12.67			153.38			81.10		270.0				1.96				3
010448558		10.19			109.46			77.20		0.0				5.92				1
010449846		14.31			182.72			84.70		510.0				7.27				3
010452960		14.43			187.44			81.45		310.0				8.07				2
010460225		11.27			137.43			77.20		240.0				4.11				2
010472755		11.32			127.21			79.70		155.0				0.87				3
010482211		17.54			234.60			87.00		480.0				4.40				2
010517360		15.21			195.31			85.10		205.0				2.89				2
010521711		11.43			138.40			78.10		0.0				1.38				1
010525595		9.50			116.62			79.90		330.0				6.63				3
010537820		13.18			159.03			83.00		0.0				9.21				1
010545089		10.56			123.44			77.90		170.0				8.54				2
010556924		12.11			159.99			91.00		0.0				9.24				1
010580260		12.90			153.13			82.10		0.0				1.67				1
010581491		17.49			223.82			90.20		250.0				1.94				2
010587201		14.07			196.41			85.30		450.0				5.76				2
010590005		9.12			103.82			75.20		175.0				3.85				2
010593078		15.39			203.92			82.10		150.0				1.38				3
010593799		13.35			168.34			81.60		310.0				3.86				3
010599977		14.50			187.13			85.10		390.0				3.95				2
010611263		11.71			140.92			80.10		310.0				7.75				3
010645209		14.03			193.85			70.40		465.0				3.31				2
010651646		8.28			84.03			73.90		780.0				3.89				2
010658641		8.52			87.95			74.90		820.0				7.01				2
010666682		8.82			99.84			71.80		415.0				3.65				3
010667545		8.97			99.80			73.70		370.0				6.49				2
010668065		11.80			140.02			79.20		195.0				3.48				2
010669590		9.11			96.41			75.70		95.0				2.80				2
010675052		10.88			138.92			94.70		310.0				8.35				3
010684749		13.91			168.35			84.90		0.0				5.27				1
010712314		9.47			114.07			68.80		365.0				4.64				2
010722175		9.52			112.53			73.60		245.0				2.07				3
010727457		7.67			85.51			66.10		160.0				7.16				2
010732050		7.53			81.50			70.10		295.0				7.59				2
010732952		13.70			162.10			83.90		415.0				1.77				2
010751237		9.13			98.77			74.70		345.0				5.78				3
010779537		15.48			210.14			84.70		0.0				5.85				1
010782351		11.82			140.35			81.70		290.0				7.94				3
010790401		13.26			155.74			83.00		155.0				2.23				2
010792866		10.68			119.06			78.20		215.0				6.76				2
010793872		14.93			181.65			86.20		450.0				5.56				2
010796857		7.82			88.38			65.40		245.0				3.31				3
010798647		9.64			104.42			76.60		490.0				3.14				2
010799729		8.57			92.10			74.54		340.0				4.25				2
010809296		12.33			148.19			81.00		0.0				6.89				1
010813626		13.59			163.16			84.20		275.0				4.97				2
010847321		6.58			68.63			68.40		220.0				7.13				2
010854977		14.78			183.01			85.40		285.0				0.83				3
010858675		8.16			87.73			72.90		0.0				4.05				1
010861311		7.16			78.88			68.40		185.0				6.69				2
010862184		9.30			104.20			75.20		310.0				1.63				2
010866415		8.79			94.50			75.10		345.0				3.51				2
010873513		11.80			137.81			80.50		90.0				1.02				2
010876892		13.14			163.22			81.90		355.0				5.95				2
010881317		6.88			74.16			69.20		0.0				3.92				1
010881810		11.90			147.80			78.00		0.0				10.17				1
010904520		9.14			101.77			74.00		320.0				3.03				2
010909816		12.07			151.43			77.90		0.0				1.51				1
010910197		9.91			109.35			77.00		310.0				2.46				2
010916563		7.20			74.20			70.00		300.0				4.34				2
010924652		12.67			151.99			82.60		305.0				2.32				2
010931578		15.98			212.16			86.40		365.0				1.13				3
010935377		12.94			152.43			82.20		290.0				0.77				3
010937071		13.97			176.85			84.10		480.0				9.05				2
010962756		12.72			159.02			81.60		0.0				6.86				1
010971897		17.99			221.62			91.10		590.0				1.04				2
010973397		9.64			108.89			71.40		940.0				4.84				3
010977146		12.82			160.84			79.70		225.0				1.80				2
010977979		15.44			196.69			86.30		405.0				2.27				2
010979458		10.33			118.72			78.10		495.0				2.03				2
010982591		16.58			206.69			88.70		0.0				1.63				1
010989961		7.55			78.05			71.60		345.0				7.11				3
011014947		6.78			62.64			70.30		640.0				7.93				2
011020211		9.93			106.76			77.20		0.0				6.63				1
011033420		10.18			118.18			76.50		400.0				1.56				2
011038809		18.02			233.82			89.00		310.0				4.63				2
011043940		7.73			79.69			72.10		295.0				6.71				2
011068380		7.65			79.60			71.40		420.0				8.69				2
011083613		8.67			87.87			74.20		270.0				3.13				2
011086949		11.79			135.52			81.10		0.0				0.56				1
011087371		11.58			142.56			77.40		0.0				6.27				1
011090674		16.30			206.37			88.00		480.0				5.32				3
011091445		15.25			192.31			86.00		320.0				5.36				3
011097752		11.60			140.66			79.60		125.0				3.72				2
011122147		13.38			170.39			81.20		295.0				3.52				3
011127815		7.80			79.46			72.40		135.0				6.73				2
011129191		7.75			81.03			72.00		720.0				5.55				2
011136578		8.26			90.19			73.40		0.0				5.59				1
011140680		9.03			97.44			75.50		315.0				1.71				2
011176222		8.73			93.30			75.20		0.0				8.27				1
011189239		9.48			105.40			77.10		0.0				4.37				1
011190768		17.34			223.00			89.50		265.0				1.04				3
011196317		16.54			218.87			85.70		260.0				1.40				2
011241658		7.63			80.40			73.70		320.0				2.90				2
011245496		10.84			131.74			76.10		690.0				3.29				3
011251622		7.02			78.27			67.90		155.0				4.73				2
011285650		8.47			93.63			74.30		340.0				2.01				2
011287949		8.19			91.00			72.00		295.0				3.06				2
011349180		16.64			207.43			88.50		330.0				6.64				2
011349490		11.14			132.17			78.00		550.0				3.82				2
011353313		10.76			125.76			76.90		460.0				2.82				2
011358231		12.40			152.01			80.00		190.0				0.94				2
011358669		8.48			97.21			73.30		340.0				3.44				3
011361765		9.25			102.85			74.50		420.0				1.77				3
011391750		8.02			86.41			72.20		0.0				6.59				1
011404111		14.28			178.98			83.40		255.0				7.51				3
011404149		16.50			217.72			86.50		285.0				6.15				3
011404803		16.31			214.04			87.00		170.0				3.83				2
011413393		6.83			70.02			68.60		440.0				4.45				3
011453225		8.40			91.25			73.60		360.0				0.85				2
011465165		6.22			62.02			66.40		700.0				7.57				2
011465618		9.18			98.64			76.00		310.0				4.81				2
011466403		8.09			84.77			72.80		280.0				4.89				3
011468053		9.77			112.36			75.10		0.0				0.84				1
011496193		12.28			143.78			81.80		185.0				11.77				2
011502036		13.01			156.86			83.20		345.0				3.68				3
011507936		7.39			78.17			69.70		185.0				4.73				2
011515377		14.79			191.53			83.20		335.0				2.07				3
011518457		11.50			134.27			80.90		0.0				2.24				1
011520578		9.54			110.40			75.80		0.0				5.82				1
011521653		11.58			136.43			78.90		165.0				5.65				2
011546972		10.97			127.50			78.80		0.0				7.00				1
011550492		8.70			93.64			74.70		370.0				3.46				3
011560657		10.62			123.41			78.30		170.0				3.79				3
011561379		8.66			90.69			74.10		345.0				6.96				2
011564024		13.37			180.86			76.80		215.0				1.85				2
011565903		9.03			100.20			72.40		0.0				2.39				1
011567392		16.54			209.09			88.30		120.0				10.07				2
011570886		12.78			163.96			79.40		0.0				7.72				1
011571423		16.16			199.81			87.60		260.0				0.59				3
011600255		9.30			100.35			75.00		275.0				4.93				3
011601276		11.83			141.26			81.10		310.0				5.34				3
011602793		10.47			122.50			76.20		565.0				6.11				2
011606451		7.83			89.00			72.40		340.0				4.69				2
011612135		9.18			100.25			75.80		365.0				0.53				2
011618103		9.38			106.81			74.40		355.0				5.15				3
011619730		10.41			123.33			76.50		590.0				1.61				2
011623897		17.47			217.68			87.90		0.0				10.19				1
011623942		14.39			186.90			82.80		185.0				9.80				2
011650682		9.10			97.70			76.00		355.0				1.22				2
011655827		14.86			192.21			85.20		0.0				2.20				1
011657118		10.02			114.53			75.00		515.0				1.30				2
011658986		13.41			164.45			83.30		325.0				2.55				3
011667630		9.01			100.02			73.70		565.0				4.40				2
011671578		10.04			119.61			73.60		395.0				2.97				2
011673754		15.40			196.11			87.40		490.0				10.85				2
011703582		8.66			93.63			73.80		0.0				9.94				1
011708457		7.44			72.80			71.20		175.0				4.18				2
011718486		9.15			98.77			76.10		550.0				2.92				3
011723893		7.93			84.13			72.00		230.0				7.57				2
011771561		14.44			184.05			82.90		205.0				5.19				2
011802908		9.08			104.77			73.40		555.0				2.08				2
011810798		8.28			85.58			73.70		0.0				1.07				1
011819928		8.26			89.45			73.20		300.0				4.86				2
011821135		8.19			90.65			71.80		200.0				4.89				2
011824817		10.38			116.62			77.60		250.0				4.05				3
011868163		10.96			128.56			77.50		445.0				1.72				2
011905840		10.31			120.33			76.10		310.0				1.69				3
011911929		9.64			109.63			75.09		415.0				5.76				3
011912315		16.32			211.88			87.00		350.0				9.00				3
011913545		10.18			116.75			77.50		280.0				3.16				2
011957192		8.06			89.75			71.70		0.0				3.61				1
011958976		10.53			133.78			72.50		705.0				6.66				2
011960195		11.81			143.61			78.40		280.0				0.21				3
011960363		7.98			87.35			72.20		0.0				6.14				1
011968334		11.42			140.68			77.80		375.0				2.33				3
011975173		16.52			213.12			86.90		435.0				3.98				2
012007304		16.70			216.54			88.40		520.0				3.43				3
012008916		12.91			160.78			79.80		430.0				1.59				2
012012511		7.99			92.83			71.40		145.0				3.41				3
012017829		7.93			82.03			72.37		0.0				6.10				1
012018555		11.54			133.23			80.60		290.0				4.29				3
012021069		9.33			108.66			73.30		365.0				4.86				3
012024640		8.48			91.77			74.22		305.0				3.54				3
012058143		15.20			193.70			85.90		315.0				8.33				2
012059823		8.94			97.74			75.00		0.0				2.34				1
012060254		8.98			108.91			76.50		0.0				4.20				1
012062344		9.74			112.05			74.80		250.0				4.49				3
012115227		9.41			97.43			75.47		395.0				3.85				3
012115374		17.57			224.88			89.90		250.0				3.76				2
012153274		8.59			92.41			72.70		265.0				1.86				2
012154686		6.70			65.05			69.40		245.0				1.89				2
012155459		16.45			208.64			88.10		300.0				1.13				2
012165692		9.08			99.78			75.30		355.0				6.51				2
012166563		10.03			121.26			76.00		320.0				2.79				2
012170173		9.65			111.76			74.40		0.0				0.55				1
012203243		15.28			197.92			84.40		0.0				1.82				1
012206812		11.69			142.40			79.15		410.0				3.44				2
012207840		7.88			77.63			77.40		285.0				9.09				2
012216433		9.57			109.28			76.90		375.0				0.74				2
012216750		8.84			95.46			75.20		300.0				6.62				2
012218634		9.32			104.54			75.30		945.0				2.49				3
012257306		10.11			119.47			75.10		225.0				6.05				2
012402804		7.01			67.35			70.30		0.0				2.21				1
012403474		10.16			118.86			73.70		570.0				7.29				2
012406960		9.85			113.40			76.20		0.0				2.56				1
012456237		6.82			70.49			69.00		95.0				7.24				2
012457926		12.45			145.31			81.07		280.0				1.45				2
012505707		12.15			149.10			81.40		305.0				6.62				3
012506511		9.57			108.13			75.50		480.0				1.05				2
012506768		14.75			191.85			83.90		315.0				4.19				2
012507577		7.53			82.15			70.30		460.0				6.21				2
012554556		9.03			107.97			78.00		435.0				2.88				3
012557207		8.12			84.96			74.20		0.0				6.08				1
012601771		13.98			178.08			85.20		890.0				9.91				3
012834442		13.40			158.92			83.92		300.0				7.20				2
012885196		8.22			92.56			72.70		505.0				4.38				2
